starting worker pid=20264 on localhost:11580 at 00:32:56.171
starting worker pid=9256 on localhost:11580 at 00:32:56.280
starting worker pid=17544 on localhost:11580 at 00:32:56.467
starting worker pid=19360 on localhost:11580 at 00:32:56.561
starting worker pid=12972 on localhost:11580 at 00:32:56.744
starting worker pid=19884 on localhost:11580 at 00:32:56.823
starting worker pid=15408 on localhost:11580 at 00:32:56.929
starting worker pid=17288 on localhost:11580 at 00:32:57.029
starting worker pid=20460 on localhost:11580 at 00:32:57.137
starting worker pid=13600 on localhost:11580 at 00:32:57.279
starting worker pid=20312 on localhost:11580 at 00:32:57.373
starting worker pid=14212 on localhost:11580 at 00:32:57.467
Checking data 
Checking data 
Preparing detection design matrices 
Preparing detection design matrices 
Preparing density design matrix 
Preparing density design matrix 
Finding initial parameter values... 
Finding initial parameter values... 
Initial values  D = 7e-05, g0 = 0.00096, sigma = 5516.13535 
Maximizing likelihood... 
Eval     Loglik                D          lambda0 lambda0.session2 lambda0.session3            sigma 
Initial values  D = 7e-05, g0 = 0.00096, sigma = 5516.13535 
Maximizing likelihood... 
Eval     Loglik        D  lambda0    sigma 
   1   -971.708  -9.5622  -6.9453   8.6154 
   1   -973.206          -9.6072          -6.9453           0.0000           0.0000           8.6154 
   2   -971.708  -9.5622  -6.9453   8.6154 
   3   -971.708  -9.5622  -6.9453   8.6154 
   2   -973.206          -9.6072          -6.9453           0.0000           0.0000           8.6154 
   4   -971.706  -9.5622  -6.9453   8.6154 
   3   -973.206          -9.6071          -6.9453           0.0000           0.0000           8.6154 
   5   -971.704  -9.5622  -6.9453   8.6154 
   6  -6809.177  -8.9274  -2.8543  17.7182 
   4   -973.205          -9.6072          -6.9453           0.0000           0.0000           8.6154 
   7   -668.448  -9.4123  -5.9790  10.7656 
   5   -973.206          -9.6072          -6.9453           0.0000           0.0000           8.6154 
   8   -668.448  -9.4123  -5.9790  10.7656 
   6   -973.206          -9.6072          -6.9453           0.0000           0.0000           8.6154 
   9   -668.448  -9.4123  -5.9790  10.7656 
   7   -973.202          -9.6072          -6.9453           0.0000           0.0000           8.6154 
  10   -668.449  -9.4123  -5.9790  10.7656 
  11   -653.805  -9.4656  -5.9504  10.5403 
   8 -12859.632          -8.9761          -2.9143           1.4678           0.8924          17.5822 
  12   -653.805  -9.4656  -5.9504  10.5403 
   9   -650.195          -9.5097          -6.3228           0.2267           0.1378          10.0002 
  13   -653.805  -9.4656  -5.9504  10.5403 
  10   -650.195          -9.5097          -6.3228           0.2267           0.1378          10.0002 
  14   -653.806  -9.4656  -5.9504  10.5403 
  15   -634.267  -9.5045  -5.8303  10.3047 
  11   -650.194          -9.5097          -6.3228           0.2267           0.1378          10.0002 
  16   -634.267  -9.5045  -5.8303  10.3047 
  12   -650.195          -9.5097          -6.3228           0.2267           0.1378          10.0002 
  17   -634.267  -9.5045  -5.8303  10.3047 
  18   -634.268  -9.5045  -5.8303  10.3047 
  13   -650.195          -9.5097          -6.3228           0.2267           0.1378          10.0002 
  19   -610.494  -9.5324  -5.6693  10.0523 
  14   -650.195          -9.5097          -6.3228           0.2267           0.1378          10.0002 
  20   -610.494  -9.5324  -5.6693  10.0523 
  15   -611.334          -9.5107          -5.9302           0.3583           0.2434          10.0139 
  21   -610.494  -9.5324  -5.6693  10.0523 
  22   -610.495  -9.5324  -5.6693  10.0523 
  16   -611.334          -9.5107          -5.9302           0.3583           0.2434          10.0139 
  23   -584.743  -9.5507  -5.4826   9.7967 
  17   -611.334          -9.5107          -5.9302           0.3583           0.2434          10.0139 
  24   -584.743  -9.5507  -5.4826   9.7967 
  25   -584.743  -9.5507  -5.4826   9.7967 
  18   -611.334          -9.5107          -5.9302           0.3583           0.2434          10.0139 
  26   -584.744  -9.5507  -5.4826   9.7967 
  19   -611.334          -9.5107          -5.9302           0.3583           0.2434          10.0139 
  27   -559.727  -9.5600  -5.2816   9.5486 
  20   -611.335          -9.5107          -5.9302           0.3583           0.2434          10.0139 
  28   -559.727  -9.5599  -5.2816   9.5486 
  29   -559.727  -9.5600  -5.2816   9.5486 
  21   -572.557          -9.5431          -5.3053           0.5342           0.4406           9.7772 
  30   -559.727  -9.5600  -5.2816   9.5487 
  31  -6181.752  -9.5963  -2.4353   6.7511 
  22   -572.557          -9.5431          -5.3053           0.5342           0.4406           9.7772 
  32   -533.784  -9.5636  -4.9970   9.2689 
  23   -572.557          -9.5431          -5.3052           0.5342           0.4406           9.7772 
  33   -533.784  -9.5636  -4.9970   9.2689 
  34   -533.784  -9.5636  -4.9970   9.2689 
  24   -572.557          -9.5431          -5.3053           0.5342           0.4406           9.7772 
  35   -533.784  -9.5636  -4.9970   9.2689 
  36   -539.330  -9.5623  -3.9850   8.6087 
  25   -572.557          -9.5431          -5.3053           0.5342           0.4406           9.7772 
  37   -514.557  -9.5630  -4.5299   8.9642 
  26   -572.558          -9.5431          -5.3053           0.5342           0.4406           9.7772 
  38   -514.557  -9.5630  -4.5299   8.9642 
  39   -514.557  -9.5630  -4.5299   8.9642 
  27   -523.606          -9.5925          -4.6270           0.6840           0.6729           9.1605 
  40   -514.557  -9.5630  -4.5299   8.9642 
  28   -523.606          -9.5925          -4.6270           0.6840           0.6729           9.1605 
  41   -511.578  -9.5630  -4.2519   8.9652 
  42   -511.578  -9.5630  -4.2519   8.9652 
  29   -523.607          -9.5925          -4.6270           0.6840           0.6729           9.1605 
  43   -511.578  -9.5630  -4.2519   8.9652 
  30   -523.606          -9.5925          -4.6270           0.6840           0.6729           9.1605 
  44   -511.578  -9.5630  -4.2519   8.9653 
  31   -523.606          -9.5925          -4.6270           0.6840           0.6729           9.1605 
  45   -511.185  -9.5593  -4.3008   8.9457 
  46   -511.185  -9.5593  -4.3008   8.9457 
  32   -523.607          -9.5925          -4.6270           0.6840           0.6729           9.1605 
  47   -511.185  -9.5593  -4.3008   8.9457 
  33   -570.355          -9.6218          -4.2499           0.6965           0.8173           8.4914 
  48   -511.185  -9.5593  -4.3008   8.9457 
  49   -511.181  -9.5568  -4.3025   8.9495 
  34   -514.911          -9.5999          -4.5319           0.6871           0.7093           8.9918 
  50   -511.181  -9.5568  -4.3025   8.9495 
  35   -514.911          -9.5999          -4.5319           0.6871           0.7093           8.9918 
  51   -511.181  -9.5568  -4.3025   8.9495 
  52   -511.181  -9.5568  -4.3025   8.9496 
  36   -514.911          -9.5999          -4.5319           0.6871           0.7093           8.9918 
  53   -511.180  -9.5536  -4.3015   8.9494 
  37   -514.911          -9.5999          -4.5319           0.6871           0.7093           8.9918 
  54   -511.180  -9.5536  -4.3015   8.9494 
  38   -514.911          -9.5999          -4.5319           0.6871           0.7093           8.9918 
  55   -511.180  -9.5536  -4.3015   8.9494 
  56   -511.180  -9.5536  -4.3015   8.9494 
  39   -514.911          -9.5999          -4.5319           0.6871           0.7093           8.9918 
  57   -511.178  -9.5438  -4.3011   8.9488 
  40   -509.818          -9.5935          -4.6559           0.5956           0.6804           8.9204 
  58   -511.178  -9.5438  -4.3011   8.9488 
  59   -511.178  -9.5438  -4.3011   8.9488 
  41   -509.818          -9.5935          -4.6559           0.5956           0.6804           8.9204 
  60   -511.178  -9.5438  -4.3011   8.9488 
  42   -509.818          -9.5935          -4.6558           0.5956           0.6804           8.9204 
  61   -511.177  -9.5429  -4.3014   8.9485 
  62   -511.177  -9.5429  -4.3014   8.9485 
  43   -509.818          -9.5935          -4.6559           0.5956           0.6804           8.9204 
  63   -511.177  -9.5429  -4.3014   8.9485 
  44   -509.818          -9.5935          -4.6559           0.5956           0.6804           8.9204 
  64   -511.177  -9.5429  -4.3014   8.9485 
  45   -509.818          -9.5935          -4.6559           0.5956           0.6804           8.9204 
  65   -511.177  -9.5429  -4.3016   8.9485 
  66   -511.177  -9.5429  -4.3016   8.9485 
  46   -509.336          -9.5876          -4.6946           0.5579           0.6682           8.9680 
  67   -511.177  -9.5429  -4.3016   8.9485 
  47   -509.336          -9.5876          -4.6946           0.5579           0.6682           8.9680 
  68   -511.177  -9.5429  -4.3016   8.9485 
  69   -511.177  -9.5429  -4.3016   8.9485 
  48   -509.336          -9.5876          -4.6946           0.5579           0.6682           8.9680 
  70   -511.177  -9.5429  -4.3016   8.9485 
  49   -509.336          -9.5876          -4.6946           0.5579           0.6682           8.9680 
  71   -511.177  -9.5429  -4.3016   8.9485 
  72   -511.177  -9.5429  -4.3016   8.9485 
  50   -509.336          -9.5876          -4.6946           0.5579           0.6682           8.9680 
  73   -511.177  -9.5428  -4.3016   8.9485 
  51   -509.336          -9.5876          -4.6946           0.5579           0.6682           8.9681 
  74   -511.177  -9.5429  -4.3015   8.9485 
  52   -508.993          -9.5825          -4.6776           0.5184           0.6742           8.9702 
  75   -511.178  -9.5429  -4.3016   8.9494 
  76   -511.177  -9.5427  -4.3016   8.9485 
  53   -508.993          -9.5825          -4.6776           0.5184           0.6742           8.9702 
  77   -511.177  -9.5428  -4.3015   8.9485 
  54   -508.993          -9.5825          -4.6776           0.5184           0.6742           8.9702 
  78   -511.178  -9.5428  -4.3016   8.9494 
  79   -511.177  -9.5429  -4.3014   8.9485 
  55   -508.993          -9.5825          -4.6776           0.5184           0.6742           8.9702 
  80   -511.178  -9.5429  -4.3015   8.9494 
  56   -508.993          -9.5825          -4.6776           0.5184           0.6742           8.9702 
  81   -511.178  -9.5429  -4.3016   8.9503 
Completed in 78.22 seconds at 00:34:24 24 Dec 2017 
  57   -508.993          -9.5825          -4.6776           0.5184           0.6742           8.9702 
  58   -508.223          -9.5607          -4.5872           0.3366           0.6955           8.9630 
  59   -508.223          -9.5607          -4.5872           0.3366           0.6955           8.9630 
  60   -508.223          -9.5607          -4.5872           0.3366           0.6955           8.9630 
  61   -508.223          -9.5607          -4.5872           0.3366           0.6955           8.9630 
  62   -508.223          -9.5607          -4.5872           0.3366           0.6955           8.9630 
  63   -508.223          -9.5607          -4.5872           0.3366           0.6955           8.9630 
  64   -508.185          -9.5603          -4.5811           0.3262           0.6863           8.9605 
  65   -508.185          -9.5602          -4.5811           0.3262           0.6863           8.9605 
  66   -508.185          -9.5603          -4.5811           0.3262           0.6863           8.9605 
  67   -508.185          -9.5603          -4.5811           0.3262           0.6863           8.9605 
  68   -508.185          -9.5603          -4.5811           0.3262           0.6863           8.9605 
  69   -508.185          -9.5603          -4.5811           0.3262           0.6863           8.9605 
  70   -508.004          -9.5601          -4.5387           0.2744           0.6066           8.9496 
  71   -508.004          -9.5601          -4.5387           0.2744           0.6066           8.9496 
  72   -508.004          -9.5601          -4.5387           0.2744           0.6066           8.9496 
  73   -508.004          -9.5601          -4.5387           0.2744           0.6066           8.9496 
  74   -508.004          -9.5601          -4.5387           0.2744           0.6066           8.9496 
  75   -508.004          -9.5601          -4.5387           0.2744           0.6066           8.9496 
  76   -507.943          -9.5615          -4.5182           0.2597           0.5576           8.9496 
  77   -507.943          -9.5615          -4.5182           0.2597           0.5576           8.9496 
  78   -507.943          -9.5615          -4.5182           0.2597           0.5576           8.9496 
  79   -507.943          -9.5615          -4.5182           0.2597           0.5576           8.9496 
  80   -507.943          -9.5615          -4.5182           0.2597           0.5576           8.9496 
  81   -507.943          -9.5615          -4.5182           0.2597           0.5576           8.9496 
  82   -507.924          -9.5630          -4.5113           0.2621           0.5338           8.9529 
  83   -507.924          -9.5629          -4.5113           0.2621           0.5338           8.9529 
  84   -507.924          -9.5630          -4.5113           0.2621           0.5338           8.9529 
  85   -507.924          -9.5630          -4.5113           0.2621           0.5338           8.9529 
  86   -507.924          -9.5630          -4.5113           0.2621           0.5338           8.9529 
  87   -507.924          -9.5630          -4.5113           0.2621           0.5338           8.9529 
  88   -507.924          -9.5630          -4.5125           0.2655           0.5345           8.9541 
  89   -507.924          -9.5630          -4.5125           0.2655           0.5345           8.9541 
  90   -507.924          -9.5630          -4.5125           0.2655           0.5345           8.9541 
  91   -507.924          -9.5630          -4.5125           0.2655           0.5345           8.9541 
  92   -507.924          -9.5630          -4.5125           0.2655           0.5345           8.9541 
  93   -507.924          -9.5630          -4.5125           0.2655           0.5345           8.9541 
  94   -507.924          -9.5629          -4.5130           0.2662           0.5353           8.9542 
  95   -507.924          -9.5629          -4.5130           0.2662           0.5353           8.9542 
  96   -507.924          -9.5629          -4.5130           0.2662           0.5353           8.9542 
  97   -507.924          -9.5629          -4.5130           0.2662           0.5353           8.9542 
  98   -507.924          -9.5629          -4.5130           0.2662           0.5353           8.9542 
  99   -507.924          -9.5629          -4.5130           0.2662           0.5353           8.9543 
 100   -507.924          -9.5627          -4.5131           0.2663           0.5355           8.9543 
 101   -507.924          -9.5627          -4.5131           0.2663           0.5355           8.9543 
 102   -507.924          -9.5627          -4.5130           0.2663           0.5355           8.9543 
 103   -507.924          -9.5627          -4.5131           0.2663           0.5355           8.9543 
 104   -507.924          -9.5627          -4.5131           0.2663           0.5355           8.9543 
 105   -507.924          -9.5627          -4.5131           0.2663           0.5355           8.9543 
 106   -507.924          -9.5621          -4.5131           0.2664           0.5356           8.9543 
 107   -507.924          -9.5621          -4.5131           0.2664           0.5356           8.9543 
 108   -507.924          -9.5621          -4.5131           0.2664           0.5356           8.9543 
 109   -507.924          -9.5621          -4.5131           0.2664           0.5356           8.9543 
 110   -507.924          -9.5621          -4.5131           0.2664           0.5356           8.9543 
 111   -507.924          -9.5621          -4.5131           0.2664           0.5356           8.9543 
 112   -507.924          -9.5619          -4.5131           0.2663           0.5354           8.9542 
 113   -507.924          -9.5619          -4.5131           0.2663           0.5354           8.9542 
 114   -507.924          -9.5619          -4.5131           0.2663           0.5354           8.9542 
 115   -507.924          -9.5619          -4.5131           0.2663           0.5354           8.9542 
 116   -507.924          -9.5619          -4.5131           0.2663           0.5354           8.9542 
 117   -507.924          -9.5619          -4.5131           0.2663           0.5354           8.9542 
 118   -507.924          -9.5619          -4.5130           0.2663           0.5353           8.9542 
 119   -507.924          -9.5618          -4.5130           0.2663           0.5353           8.9542 
 120   -507.924          -9.5619          -4.5130           0.2663           0.5353           8.9542 
 121   -507.924          -9.5619          -4.5130           0.2663           0.5353           8.9542 
 122   -507.924          -9.5619          -4.5130           0.2663           0.5353           8.9542 
 123   -507.924          -9.5619          -4.5130           0.2663           0.5353           8.9542 
 124   -507.924          -9.5619          -4.5130           0.2663           0.5353           8.9542 
 125   -507.924          -9.5619          -4.5130           0.2663           0.5353           8.9542 
 126   -507.924          -9.5619          -4.5130           0.2663           0.5353           8.9542 
 127   -507.924          -9.5619          -4.5130           0.2663           0.5353           8.9542 
 128   -507.924          -9.5619          -4.5130           0.2663           0.5353           8.9542 
 129   -507.924          -9.5619          -4.5130           0.2663           0.5353           8.9542 
 130   -507.924          -9.5619          -4.5130           0.2663           0.5353           8.9542 
 131   -507.924          -9.5609          -4.5130           0.2663           0.5353           8.9542 
 132   -507.924          -9.5628          -4.5130           0.2663           0.5353           8.9542 
 133   -507.924          -9.5619          -4.5125           0.2663           0.5353           8.9542 
 134   -507.924          -9.5619          -4.5134           0.2663           0.5353           8.9542 
 135   -507.924          -9.5619          -4.5130           0.2664           0.5353           8.9542 
 136   -507.924          -9.5619          -4.5130           0.2662           0.5353           8.9542 
 137   -507.924          -9.5619          -4.5130           0.2663           0.5354           8.9542 
 138   -507.924          -9.5619          -4.5130           0.2663           0.5352           8.9542 
 139   -507.924          -9.5619          -4.5130           0.2663           0.5353           8.9551 
 140   -507.924          -9.5619          -4.5130           0.2663           0.5353           8.9533 
 141   -507.924          -9.5619          -4.5130           0.2663           0.5353           8.9542 
 142   -507.924          -9.5609          -4.5130           0.2663           0.5353           8.9542 
 143   -507.924          -9.5628          -4.5130           0.2663           0.5353           8.9542 
 144   -507.924          -9.5619          -4.5125           0.2663           0.5353           8.9542 
 145   -507.924          -9.5619          -4.5134           0.2663           0.5353           8.9542 
 146   -507.924          -9.5619          -4.5130           0.2664           0.5353           8.9542 
 147   -507.924          -9.5619          -4.5130           0.2662           0.5353           8.9542 
 148   -507.924          -9.5619          -4.5130           0.2663           0.5354           8.9542 
 149   -507.924          -9.5619          -4.5130           0.2663           0.5352           8.9542 
 150   -507.924          -9.5619          -4.5130           0.2663           0.5353           8.9551 
 151   -507.924          -9.5619          -4.5130           0.2663           0.5353           8.9533 
 152   -507.924          -9.5619          -4.5130           0.2663           0.5353           8.9542 
 153   -507.924          -9.5609          -4.5130           0.2663           0.5353           8.9542 
 154   -507.924          -9.5628          -4.5130           0.2663           0.5353           8.9542 
 155   -507.924          -9.5619          -4.5125           0.2663           0.5353           8.9542 
 156   -507.924          -9.5619          -4.5134           0.2663           0.5353           8.9542 
 157   -507.924          -9.5619          -4.5130           0.2664           0.5353           8.9542 
 158   -507.924          -9.5619          -4.5130           0.2662           0.5353           8.9542 
 159   -507.924          -9.5619          -4.5130           0.2663           0.5354           8.9542 
 160   -507.924          -9.5619          -4.5130           0.2663           0.5352           8.9542 
 161   -507.924          -9.5619          -4.5130           0.2663           0.5353           8.9551 
 162   -507.924          -9.5619          -4.5130           0.2663           0.5353           8.9533 
 163   -507.924          -9.5618          -4.5130           0.2663           0.5353           8.9542 
 164   -507.924          -9.5619          -4.5129           0.2663           0.5353           8.9542 
 165   -507.924          -9.5619          -4.5130           0.2664           0.5353           8.9542 
 166   -507.924          -9.5619          -4.5130           0.2663           0.5354           8.9542 
 167   -507.924          -9.5619          -4.5130           0.2663           0.5353           8.9551 
 168   -507.924          -9.5617          -4.5130           0.2663           0.5353           8.9542 
 169   -507.924          -9.5618          -4.5129           0.2663           0.5353           8.9542 
 170   -507.924          -9.5618          -4.5130           0.2664           0.5353           8.9542 
 171   -507.924          -9.5618          -4.5130           0.2663           0.5354           8.9542 
 172   -507.924          -9.5618          -4.5130           0.2663           0.5353           8.9551 
 173   -507.924          -9.5619          -4.5128           0.2663           0.5353           8.9542 
 174   -507.924          -9.5619          -4.5129           0.2664           0.5353           8.9542 
 175   -507.924          -9.5619          -4.5129           0.2663           0.5354           8.9542 
 176   -507.924          -9.5619          -4.5129           0.2663           0.5353           8.9551 
 177   -507.924          -9.5619          -4.5130           0.2665           0.5353           8.9542 
 178   -507.924          -9.5619          -4.5130           0.2664           0.5354           8.9542 
 179   -507.924          -9.5619          -4.5130           0.2664           0.5353           8.9551 
 180   -507.924          -9.5619          -4.5130           0.2663           0.5355           8.9542 
 181   -507.924          -9.5619          -4.5130           0.2663           0.5354           8.9551 
 182   -507.924          -9.5619          -4.5130           0.2663           0.5353           8.9560 
Completed in 219.75 seconds at 00:36:46 24 Dec 2017 
starting worker pid=5288 on localhost:11580 at 00:38:45.895
starting worker pid=1788 on localhost:11580 at 00:38:45.990
starting worker pid=19988 on localhost:11580 at 00:38:46.068
starting worker pid=16120 on localhost:11580 at 00:38:46.174
Checking data 
Checking data 
Preparing detection design matrices 
Preparing detection design matrices 
Preparing density design matrix 
Finding initial parameter values... 
Preparing density design matrix 
Initial values  D = 7e-05, g0 = 0.00096, sigma = 5516.13535 
Maximizing likelihood... 
Eval     Loglik                D          lambda0 lambda0.session2 lambda0.session3            sigma 
Finding initial parameter values... 
Initial values  D = 7e-05, g0 = 0.00096, sigma = 5516.13535 
Maximizing likelihood... 
Eval     Loglik        D  lambda0    sigma 
   1   -971.708  -9.5622  -6.9453   8.6154 
   1   -973.206          -9.6072          -6.9453           0.0000           0.0000           8.6154 
   2   -971.708  -9.5622  -6.9453   8.6154 
   3   -971.708  -9.5622  -6.9453   8.6154 
   2   -973.206          -9.6072          -6.9453           0.0000           0.0000           8.6154 
   4   -971.706  -9.5622  -6.9453   8.6154 
   3   -973.206          -9.6071          -6.9453           0.0000           0.0000           8.6154 
   5   -971.704  -9.5622  -6.9453   8.6154 
   6  -6809.177  -8.9274  -2.8543  17.7182 
   4   -973.205          -9.6072          -6.9453           0.0000           0.0000           8.6154 
   7   -668.448  -9.4123  -5.9790  10.7656 
   5   -973.206          -9.6072          -6.9453           0.0000           0.0000           8.6154 
   8   -668.448  -9.4123  -5.9790  10.7656 
   6   -973.206          -9.6072          -6.9453           0.0000           0.0000           8.6154 
   9   -668.448  -9.4123  -5.9790  10.7656 
   7   -973.202          -9.6072          -6.9453           0.0000           0.0000           8.6154 
  10   -668.449  -9.4123  -5.9790  10.7656 
   8 -12859.632          -8.9761          -2.9143           1.4678           0.8924          17.5822 
  11   -653.805  -9.4656  -5.9504  10.5403 
  12   -653.805  -9.4656  -5.9504  10.5403 
   9   -650.195          -9.5097          -6.3228           0.2267           0.1378          10.0002 
  13   -653.805  -9.4656  -5.9504  10.5403 
  10   -650.195          -9.5097          -6.3228           0.2267           0.1378          10.0002 
  14   -653.806  -9.4656  -5.9504  10.5403 
  15   -634.267  -9.5045  -5.8303  10.3047 
  11   -650.194          -9.5097          -6.3228           0.2267           0.1378          10.0002 
  16   -634.267  -9.5045  -5.8303  10.3047 
  12   -650.195          -9.5097          -6.3228           0.2267           0.1378          10.0002 
  17   -634.267  -9.5045  -5.8303  10.3047 
  13   -650.195          -9.5097          -6.3228           0.2267           0.1378          10.0002 
  18   -634.268  -9.5045  -5.8303  10.3047 
  19   -610.494  -9.5324  -5.6693  10.0523 
  14   -650.195          -9.5097          -6.3228           0.2267           0.1378          10.0002 
  20   -610.494  -9.5324  -5.6693  10.0523 
  15   -611.334          -9.5107          -5.9302           0.3583           0.2434          10.0139 
  21   -610.494  -9.5324  -5.6693  10.0523 
  22   -610.495  -9.5324  -5.6693  10.0523 
  16   -611.334          -9.5107          -5.9302           0.3583           0.2434          10.0139 
  23   -584.743  -9.5507  -5.4826   9.7967 
  17   -611.334          -9.5107          -5.9302           0.3583           0.2434          10.0139 
  24   -584.743  -9.5507  -5.4826   9.7967 
  18   -611.334          -9.5107          -5.9302           0.3583           0.2434          10.0139 
  25   -584.743  -9.5507  -5.4826   9.7967 
  26   -584.744  -9.5507  -5.4826   9.7967 
  19   -611.334          -9.5107          -5.9302           0.3583           0.2434          10.0139 
  27   -559.727  -9.5600  -5.2816   9.5486 
  20   -611.335          -9.5107          -5.9302           0.3583           0.2434          10.0139 
  28   -559.727  -9.5599  -5.2816   9.5486 
  29   -559.727  -9.5600  -5.2816   9.5486 
  21   -572.557          -9.5431          -5.3053           0.5342           0.4406           9.7772 
  30   -559.727  -9.5600  -5.2816   9.5487 
  31  -6181.752  -9.5963  -2.4353   6.7511 
  22   -572.557          -9.5431          -5.3053           0.5342           0.4406           9.7772 
  32   -533.784  -9.5636  -4.9970   9.2689 
  23   -572.557          -9.5431          -5.3052           0.5342           0.4406           9.7772 
  33   -533.784  -9.5636  -4.9970   9.2689 
  34   -533.784  -9.5636  -4.9970   9.2689 
  24   -572.557          -9.5431          -5.3053           0.5342           0.4406           9.7772 
  35   -533.784  -9.5636  -4.9970   9.2689 
  25   -572.557          -9.5431          -5.3053           0.5342           0.4406           9.7772 
  36   -539.330  -9.5623  -3.9850   8.6087 
  37   -514.557  -9.5630  -4.5299   8.9642 
  26   -572.558          -9.5431          -5.3053           0.5342           0.4406           9.7772 
  38   -514.557  -9.5630  -4.5299   8.9642 
  27   -523.606          -9.5925          -4.6270           0.6840           0.6729           9.1605 
  39   -514.557  -9.5630  -4.5299   8.9642 
  40   -514.557  -9.5630  -4.5299   8.9642 
  28   -523.606          -9.5925          -4.6270           0.6840           0.6729           9.1605 
  41   -511.578  -9.5630  -4.2519   8.9652 
  29   -523.607          -9.5925          -4.6270           0.6840           0.6729           9.1605 
  42   -511.578  -9.5630  -4.2519   8.9652 
  43   -511.578  -9.5630  -4.2519   8.9652 
  30   -523.606          -9.5925          -4.6270           0.6840           0.6729           9.1605 
  44   -511.578  -9.5630  -4.2519   8.9653 
  31   -523.606          -9.5925          -4.6270           0.6840           0.6729           9.1605 
  45   -511.185  -9.5593  -4.3008   8.9457 
  46   -511.185  -9.5593  -4.3008   8.9457 
  32   -523.607          -9.5925          -4.6270           0.6840           0.6729           9.1605 
  47   -511.185  -9.5593  -4.3008   8.9457 
  33   -570.355          -9.6218          -4.2499           0.6965           0.8173           8.4914 
  48   -511.185  -9.5593  -4.3008   8.9457 
  34   -514.911          -9.5999          -4.5319           0.6871           0.7093           8.9918 
  49   -511.181  -9.5568  -4.3025   8.9495 
  50   -511.181  -9.5568  -4.3025   8.9495 
  35   -514.911          -9.5999          -4.5319           0.6871           0.7093           8.9918 
  51   -511.181  -9.5568  -4.3025   8.9495 
  36   -514.911          -9.5999          -4.5319           0.6871           0.7093           8.9918 
  52   -511.181  -9.5568  -4.3025   8.9496 
  53   -511.180  -9.5536  -4.3015   8.9494 
  37   -514.911          -9.5999          -4.5319           0.6871           0.7093           8.9918 
  54   -511.180  -9.5536  -4.3015   8.9494 
  38   -514.911          -9.5999          -4.5319           0.6871           0.7093           8.9918 
  55   -511.180  -9.5536  -4.3015   8.9494 
  39   -514.911          -9.5999          -4.5319           0.6871           0.7093           8.9918 
  56   -511.180  -9.5536  -4.3015   8.9494 
  57   -511.178  -9.5438  -4.3011   8.9488 
  40   -509.818          -9.5935          -4.6559           0.5956           0.6804           8.9204 
  58   -511.178  -9.5438  -4.3011   8.9488 
  41   -509.818          -9.5935          -4.6559           0.5956           0.6804           8.9204 
  59   -511.178  -9.5438  -4.3011   8.9488 
  60   -511.178  -9.5438  -4.3011   8.9488 
  42   -509.818          -9.5935          -4.6558           0.5956           0.6804           8.9204 
  61   -511.177  -9.5429  -4.3014   8.9485 
  43   -509.818          -9.5935          -4.6559           0.5956           0.6804           8.9204 
  62   -511.177  -9.5429  -4.3014   8.9485 
  63   -511.177  -9.5429  -4.3014   8.9485 
  44   -509.818          -9.5935          -4.6559           0.5956           0.6804           8.9204 
  64   -511.177  -9.5429  -4.3014   8.9485 
  45   -509.818          -9.5935          -4.6559           0.5956           0.6804           8.9204 
  65   -511.177  -9.5429  -4.3016   8.9485 
  66   -511.177  -9.5429  -4.3016   8.9485 
  46   -509.336          -9.5876          -4.6946           0.5579           0.6682           8.9680 
  67   -511.177  -9.5429  -4.3016   8.9485 
  47   -509.336          -9.5876          -4.6946           0.5579           0.6682           8.9680 
  68   -511.177  -9.5429  -4.3016   8.9485 
  48   -509.336          -9.5876          -4.6946           0.5579           0.6682           8.9680 
  69   -511.177  -9.5429  -4.3016   8.9485 
  70   -511.177  -9.5429  -4.3016   8.9485 
  49   -509.336          -9.5876          -4.6946           0.5579           0.6682           8.9680 
  71   -511.177  -9.5429  -4.3016   8.9485 
  50   -509.336          -9.5876          -4.6946           0.5579           0.6682           8.9680 
  72   -511.177  -9.5429  -4.3016   8.9485 
  73   -511.177  -9.5428  -4.3016   8.9485 
  51   -509.336          -9.5876          -4.6946           0.5579           0.6682           8.9681 
  74   -511.177  -9.5429  -4.3015   8.9485 
  52   -508.993          -9.5825          -4.6776           0.5184           0.6742           8.9702 
  75   -511.178  -9.5429  -4.3016   8.9494 
  76   -511.177  -9.5427  -4.3016   8.9485 
  53   -508.993          -9.5825          -4.6776           0.5184           0.6742           8.9702 
  77   -511.177  -9.5428  -4.3015   8.9485 
  54   -508.993          -9.5825          -4.6776           0.5184           0.6742           8.9702 
  78   -511.178  -9.5428  -4.3016   8.9494 
  55   -508.993          -9.5825          -4.6776           0.5184           0.6742           8.9702 
  79   -511.177  -9.5429  -4.3014   8.9485 
  80   -511.178  -9.5429  -4.3015   8.9494 
  56   -508.993          -9.5825          -4.6776           0.5184           0.6742           8.9702 
  81   -511.178  -9.5429  -4.3016   8.9503 
Completed in 78.25 seconds at 00:40:07 24 Dec 2017 
  57   -508.993          -9.5825          -4.6776           0.5184           0.6742           8.9702 
  58   -508.223          -9.5607          -4.5872           0.3366           0.6955           8.9630 
  59   -508.223          -9.5607          -4.5872           0.3366           0.6955           8.9630 
  60   -508.223          -9.5607          -4.5872           0.3366           0.6955           8.9630 
  61   -508.223          -9.5607          -4.5872           0.3366           0.6955           8.9630 
  62   -508.223          -9.5607          -4.5872           0.3366           0.6955           8.9630 
  63   -508.223          -9.5607          -4.5872           0.3366           0.6955           8.9630 
  64   -508.185          -9.5603          -4.5811           0.3262           0.6863           8.9605 
  65   -508.185          -9.5602          -4.5811           0.3262           0.6863           8.9605 
  66   -508.185          -9.5603          -4.5811           0.3262           0.6863           8.9605 
  67   -508.185          -9.5603          -4.5811           0.3262           0.6863           8.9605 
  68   -508.185          -9.5603          -4.5811           0.3262           0.6863           8.9605 
  69   -508.185          -9.5603          -4.5811           0.3262           0.6863           8.9605 
  70   -508.004          -9.5601          -4.5387           0.2744           0.6066           8.9496 
  71   -508.004          -9.5601          -4.5387           0.2744           0.6066           8.9496 
  72   -508.004          -9.5601          -4.5387           0.2744           0.6066           8.9496 
  73   -508.004          -9.5601          -4.5387           0.2744           0.6066           8.9496 
  74   -508.004          -9.5601          -4.5387           0.2744           0.6066           8.9496 
  75   -508.004          -9.5601          -4.5387           0.2744           0.6066           8.9496 
  76   -507.943          -9.5615          -4.5182           0.2597           0.5576           8.9496 
  77   -507.943          -9.5615          -4.5182           0.2597           0.5576           8.9496 
  78   -507.943          -9.5615          -4.5182           0.2597           0.5576           8.9496 
  79   -507.943          -9.5615          -4.5182           0.2597           0.5576           8.9496 
  80   -507.943          -9.5615          -4.5182           0.2597           0.5576           8.9496 
  81   -507.943          -9.5615          -4.5182           0.2597           0.5576           8.9496 
  82   -507.924          -9.5630          -4.5113           0.2621           0.5338           8.9529 
  83   -507.924          -9.5629          -4.5113           0.2621           0.5338           8.9529 
  84   -507.924          -9.5630          -4.5113           0.2621           0.5338           8.9529 
  85   -507.924          -9.5630          -4.5113           0.2621           0.5338           8.9529 
  86   -507.924          -9.5630          -4.5113           0.2621           0.5338           8.9529 
  87   -507.924          -9.5630          -4.5113           0.2621           0.5338           8.9529 
  88   -507.924          -9.5630          -4.5125           0.2655           0.5345           8.9541 
  89   -507.924          -9.5630          -4.5125           0.2655           0.5345           8.9541 
  90   -507.924          -9.5630          -4.5125           0.2655           0.5345           8.9541 
  91   -507.924          -9.5630          -4.5125           0.2655           0.5345           8.9541 
  92   -507.924          -9.5630          -4.5125           0.2655           0.5345           8.9541 
  93   -507.924          -9.5630          -4.5125           0.2655           0.5345           8.9541 
  94   -507.924          -9.5629          -4.5130           0.2662           0.5353           8.9542 
  95   -507.924          -9.5629          -4.5130           0.2662           0.5353           8.9542 
  96   -507.924          -9.5629          -4.5130           0.2662           0.5353           8.9542 
  97   -507.924          -9.5629          -4.5130           0.2662           0.5353           8.9542 
  98   -507.924          -9.5629          -4.5130           0.2662           0.5353           8.9542 
  99   -507.924          -9.5629          -4.5130           0.2662           0.5353           8.9543 
 100   -507.924          -9.5627          -4.5131           0.2663           0.5355           8.9543 
 101   -507.924          -9.5627          -4.5131           0.2663           0.5355           8.9543 
 102   -507.924          -9.5627          -4.5130           0.2663           0.5355           8.9543 
 103   -507.924          -9.5627          -4.5131           0.2663           0.5355           8.9543 
 104   -507.924          -9.5627          -4.5131           0.2663           0.5355           8.9543 
 105   -507.924          -9.5627          -4.5131           0.2663           0.5355           8.9543 
 106   -507.924          -9.5621          -4.5131           0.2664           0.5356           8.9543 
 107   -507.924          -9.5621          -4.5131           0.2664           0.5356           8.9543 
 108   -507.924          -9.5621          -4.5131           0.2664           0.5356           8.9543 
 109   -507.924          -9.5621          -4.5131           0.2664           0.5356           8.9543 
 110   -507.924          -9.5621          -4.5131           0.2664           0.5356           8.9543 
 111   -507.924          -9.5621          -4.5131           0.2664           0.5356           8.9543 
 112   -507.924          -9.5619          -4.5131           0.2663           0.5354           8.9542 
 113   -507.924          -9.5619          -4.5131           0.2663           0.5354           8.9542 
 114   -507.924          -9.5619          -4.5131           0.2663           0.5354           8.9542 
 115   -507.924          -9.5619          -4.5131           0.2663           0.5354           8.9542 
 116   -507.924          -9.5619          -4.5131           0.2663           0.5354           8.9542 
 117   -507.924          -9.5619          -4.5131           0.2663           0.5354           8.9542 
 118   -507.924          -9.5619          -4.5130           0.2663           0.5353           8.9542 
 119   -507.924          -9.5618          -4.5130           0.2663           0.5353           8.9542 
 120   -507.924          -9.5619          -4.5130           0.2663           0.5353           8.9542 
 121   -507.924          -9.5619          -4.5130           0.2663           0.5353           8.9542 
 122   -507.924          -9.5619          -4.5130           0.2663           0.5353           8.9542 
 123   -507.924          -9.5619          -4.5130           0.2663           0.5353           8.9542 
 124   -507.924          -9.5619          -4.5130           0.2663           0.5353           8.9542 
 125   -507.924          -9.5619          -4.5130           0.2663           0.5353           8.9542 
 126   -507.924          -9.5619          -4.5130           0.2663           0.5353           8.9542 
 127   -507.924          -9.5619          -4.5130           0.2663           0.5353           8.9542 
 128   -507.924          -9.5619          -4.5130           0.2663           0.5353           8.9542 
 129   -507.924          -9.5619          -4.5130           0.2663           0.5353           8.9542 
 130   -507.924          -9.5619          -4.5130           0.2663           0.5353           8.9542 
 131   -507.924          -9.5609          -4.5130           0.2663           0.5353           8.9542 
 132   -507.924          -9.5628          -4.5130           0.2663           0.5353           8.9542 
 133   -507.924          -9.5619          -4.5125           0.2663           0.5353           8.9542 
 134   -507.924          -9.5619          -4.5134           0.2663           0.5353           8.9542 
 135   -507.924          -9.5619          -4.5130           0.2664           0.5353           8.9542 
 136   -507.924          -9.5619          -4.5130           0.2662           0.5353           8.9542 
 137   -507.924          -9.5619          -4.5130           0.2663           0.5354           8.9542 
 138   -507.924          -9.5619          -4.5130           0.2663           0.5352           8.9542 
 139   -507.924          -9.5619          -4.5130           0.2663           0.5353           8.9551 
 140   -507.924          -9.5619          -4.5130           0.2663           0.5353           8.9533 
 141   -507.924          -9.5619          -4.5130           0.2663           0.5353           8.9542 
 142   -507.924          -9.5609          -4.5130           0.2663           0.5353           8.9542 
 143   -507.924          -9.5628          -4.5130           0.2663           0.5353           8.9542 
 144   -507.924          -9.5619          -4.5125           0.2663           0.5353           8.9542 
 145   -507.924          -9.5619          -4.5134           0.2663           0.5353           8.9542 
 146   -507.924          -9.5619          -4.5130           0.2664           0.5353           8.9542 
 147   -507.924          -9.5619          -4.5130           0.2662           0.5353           8.9542 
 148   -507.924          -9.5619          -4.5130           0.2663           0.5354           8.9542 
 149   -507.924          -9.5619          -4.5130           0.2663           0.5352           8.9542 
 150   -507.924          -9.5619          -4.5130           0.2663           0.5353           8.9551 
 151   -507.924          -9.5619          -4.5130           0.2663           0.5353           8.9533 
 152   -507.924          -9.5619          -4.5130           0.2663           0.5353           8.9542 
 153   -507.924          -9.5609          -4.5130           0.2663           0.5353           8.9542 
 154   -507.924          -9.5628          -4.5130           0.2663           0.5353           8.9542 
 155   -507.924          -9.5619          -4.5125           0.2663           0.5353           8.9542 
 156   -507.924          -9.5619          -4.5134           0.2663           0.5353           8.9542 
 157   -507.924          -9.5619          -4.5130           0.2664           0.5353           8.9542 
 158   -507.924          -9.5619          -4.5130           0.2662           0.5353           8.9542 
 159   -507.924          -9.5619          -4.5130           0.2663           0.5354           8.9542 
 160   -507.924          -9.5619          -4.5130           0.2663           0.5352           8.9542 
 161   -507.924          -9.5619          -4.5130           0.2663           0.5353           8.9551 
 162   -507.924          -9.5619          -4.5130           0.2663           0.5353           8.9533 
 163   -507.924          -9.5618          -4.5130           0.2663           0.5353           8.9542 
 164   -507.924          -9.5619          -4.5129           0.2663           0.5353           8.9542 
 165   -507.924          -9.5619          -4.5130           0.2664           0.5353           8.9542 
 166   -507.924          -9.5619          -4.5130           0.2663           0.5354           8.9542 
 167   -507.924          -9.5619          -4.5130           0.2663           0.5353           8.9551 
 168   -507.924          -9.5617          -4.5130           0.2663           0.5353           8.9542 
 169   -507.924          -9.5618          -4.5129           0.2663           0.5353           8.9542 
 170   -507.924          -9.5618          -4.5130           0.2664           0.5353           8.9542 
 171   -507.924          -9.5618          -4.5130           0.2663           0.5354           8.9542 
 172   -507.924          -9.5618          -4.5130           0.2663           0.5353           8.9551 
 173   -507.924          -9.5619          -4.5128           0.2663           0.5353           8.9542 
 174   -507.924          -9.5619          -4.5129           0.2664           0.5353           8.9542 
 175   -507.924          -9.5619          -4.5129           0.2663           0.5354           8.9542 
 176   -507.924          -9.5619          -4.5129           0.2663           0.5353           8.9551 
 177   -507.924          -9.5619          -4.5130           0.2665           0.5353           8.9542 
 178   -507.924          -9.5619          -4.5130           0.2664           0.5354           8.9542 
 179   -507.924          -9.5619          -4.5130           0.2664           0.5353           8.9551 
 180   -507.924          -9.5619          -4.5130           0.2663           0.5355           8.9542 
 181   -507.924          -9.5619          -4.5130           0.2663           0.5354           8.9551 
 182   -507.924          -9.5619          -4.5130           0.2663           0.5353           8.9560 
Completed in 219.15 seconds at 00:42:28 24 Dec 2017 
Warning message:

1: In autoini(ch, msk, binomN = details$binomN, ignoreusage = details$ignoreusage) :In autoini(ch, msk, binomN = details$binomN, ignoreusage = details$ignoreusage) :
 utoini' failed to find g0; setting initial g0 = 0.1
 'autoini' failed to find g0; setting initial g0 = 0.1
2: In secr.fit(list(`1` = c(0, 0, 0, 0, 0, 0, 0, 0, 0, 0, 0, 0, 0,  :
  possible maximization error: nlm returned code 3. See ?nlm
Error in unserialize(node$con) : error reading from connection
Calls: <Anonymous> ... doTryCatch -> recvData -> recvData.SOCK0node -> unserialize
Execution halted
Error in unserialize(node$con) : error reading from connection
Calls: <Anonymous> ... doTryCatch -> recvData -> recvData.SOCK0node -> unserialize
Execution halted
Error in unserialize(node$con) : error reading from connection
Calls: <Anonymous> ... doTryCatch -> recvData -> recvData.SOCK0node -> unserialize
Execution halted
Error in unserialize(node$con) : error reading from connection
Calls: <Anonymous> ... doTryCatch -> recvData -> recvData.SOCK0node -> unserialize
Execution halted
Error in unserialize(node$con) : error reading from connection
Calls: <Anonymous> ... doTryCatch -> recvData -> recvData.SOCK0node -> unserialize
Execution halted
Error in unserialize(node$con) : error reading from connection
Calls: <Anonymous> ... doTryCatch -> recvData -> recvData.SOCK0node -> unserialize
Execution halted
Error in unserialize(node$con) : error reading from connection
Calls: <Anonymous> ... doTryCatch -> recvData -> recvData.SOCK0node -> unserialize
Execution halted
Error in unserialize(node$con) : error reading from connection
Calls: <Anonymous> ... doTryCatch -> recvData -> recvData.SOCK0node -> unserialize
Execution halted
Error in unserialize(node$con) : error reading from connection
Calls: <Anonymous> ... doTryCatch -> recvData -> recvData.SOCK0node -> unserialize
Execution halted
Error in unserialize(node$con) : error reading from connection
Calls: <Anonymous> ... doTryCatch -> recvData -> recvData.SOCK0node -> unserialize
Execution halted
Error in serialize(data, node$con, xdr = FALSE) : 
  error writing to connection
Calls: <Anonymous> ... doTryCatch -> sendData -> sendData.SOCK0node -> serialize
In addition: Warning message:
In autoini(ch, msk, binomN = details$binomN, ignoreusage = details$ignoreusage) :
  'autoini' failed to find g0; setting initial g0 = 0.1
Execution halted
Error in serialize(data, node$con, xdr = FALSE) : 
  error writing to connection
Calls: <Anonymous> ... doTryCatch -> sendData -> sendData.SOCK0node -> serialize
In addition: Warning messages:
1: In autoini(ch, msk, binomN = details$binomN, ignoreusage = details$ignoreusage) :
  'autoini' failed to find g0; setting initial g0 = 0.1
2: In secr.fit(list(`1` = c(0, 0, 0, 0, 0, 0, 0, 0, 0, 0, 0, 0, 0,  :
  possible maximization error: nlm returned code 3. See ?nlm
Execution halted
